Pesos Camada 1
0.046000
-0.066000
0.069000
0.075000
0.073000
-0.099000
0.039000
-0.060000
0.038000
0.078000
-0.082000
-0.012000
0.090000
0.080000
0.019000
-0.026000
-0.097000
-0.007000
-0.044000
0.020000
0.045000
0.028000
0.047000
0.088000
0.017000
0.001000
-0.004000
-0.095000
-0.021000
0.003000
0.087000
-0.100000
-0.096000
-0.092000
0.016000
0.088000
0.022000
0.029000
0.081000
0.058000
-0.053000
0.095000
-0.022000
0.023000
0.018000
0.097000
0.082000
0.044000
-0.077000
-0.096000
Pesos Camada 2

0.088000
0.050000
0.043000
-0.082000
-0.086000
0.012000
-0.057000
-0.007000
0.035000
0.013000
